0 1 21
1 0 21
0 5 23
5 0 23
0 7 49
7 0 49
0 15 33
15 0 33
0 16 37
16 0 37
0 17 28
17 0 28
0 19 22
19 0 22
1 2 20
2 1 20
1 20 29
20 1 29
2 3 38
3 2 38
2 4 51
4 2 51
3 5 36
5 3 36
5 6 34
6 5 34
5 7 36
7 5 36
6 7 29
7 6 29
6 8 46
8 6 46
7 9 25
9 7 25
7 15 17
15 7 17
8 9 69
9 8 69
8 25 79
25 8 79
9 10 43
10 9 43
9 12 53
12 9 53
9 16 63
16 9 63
9 17 27
17 9 27
10 11 27
11 10 27
10 12 51
12 10 51
11 26 95
26 11 95
12 13 20
13 12 20
12 14 20
14 12 20
13 14 40
14 13 40
15 16 52
16 15 52
16 24 34
24 16 34
17 18 23
18 17 23
17 22 38
22 17 38
17 24 19
24 17 19
18 19 16
19 18 16
18 21 36
21 18 36
18 22 27
22 18 27
19 20 18
20 19 18
19 21 19
21 19 19
20 21 19
21 20 19
22 23 34
23 22 34
22 24 55
24 22 55
23 24 73
24 23 73
25 26 105
26 25 105
